244 88 0 0
219 74 0 1
256 109 0 2
219 73 29587 1
243 88 3247 0
255 109 5567 2
255 108 15518 2
219 72 7834 1
242 88 3135 0
254 108 6781 2
220 72 623 1
254 107 19167 2
241 88 5078 0
220 71 1323 1
241 89 777 0
253 107 2501 2
221 71 17155 1
253 106 3301 2
252 106 5997 2
240 89 700 0
221 70 12751 1
252 105 6119 2
251 105 4369 2
222 70 3515 1
240 90 2838 0
239 90 3101 0
251 104 8512 2
250 104 3806 2
223 70 13369 1
250 103 2685 2
249 103 3796 2
238 90 3296 0
238 91 5924 0
223 69 1436 1
249 102 3405 2
248 102 4040 2
224 69 3700 1
248 101 8430 2
247 101 4351 2
238 92 9101 0
247 100 1251 2
225 69 2775 1
246 100 1819 2
237 92 367 0
246 99 8426 2
245 99 4669 2
237 93 7229 0
245 98 281 2
226 69 1324 1
244 98 3164 2
244 97 6548 2
243 97 3969 2
237 94 4725 0
243 96 1229 2
238 94 1061 0
242 96 1959 2
227 69 44 1
242 95 5742 2
241 95 1533 2
238 95 3032 0
240 95 2452 2
240 94 762 2
239 95 3 0
239 94 2723 2
240 95 1422 0
239 95 542 2
240 94 72 0
238 95 2693 2
228 69 544 1
240 93 382 0
238 96 996 2
239 93 524 0
239 92 3534 0
238 97 4072 2
239 91 2324 0
228 70 1474 1
238 91 1118 0
238 90 5012 0
229 70 1056 1
238 98 2477 2
237 90 3191 0
237 89 1970 0
237 88 9661 0
236 88 144 0
230 70 2108 1
236 87 8224 0
238 99 125 2
235 87 1424 0
231 70 8917 1
235 86 632 0
234 86 2440 0
231 71 167 1
237 99 7480 2
234 85 1390 0
233 85 3054 0
232 71 2798 1
233 84 5714 0
232 84 3702 0
232 72 2493 1
232 83 5155 0
233 72 438 1
231 83 4333 0
231 82 6084 0
233 73 2392 1
230 82 4384 0
234 73 510 1
230 81 2879 0
236 99 661 2
234 74 5509 1
230 80 3225 0
229 80 1246 0
236 98 3967 2
234 75 2840 1
235 75 321 1
229 79 294 0
229 78 8091 0
235 76 979 1
228 78 2551 0
228 77 4201 0
235 77 2078 1
235 98 2085 2
228 76 3470 0
235 78 2970 1
228 75 4847 0
235 97 2335 2
235 79 1455 1
228 74 4496 0
234 79 710 1
234 80 3844 1
229 74 651 0
229 73 3840 0
234 81 5144 1
234 97 211 2
234 96 4213 2
229 72 529 0
233 81 2156 1
233 82 3126 1
229 71 6176 0
230 71 453 0
233 83 4057 1
234 95 2353 2
232 83 1066 1
230 70 5236 0
232 84 2185 1
233 95 295 2
231 70 6157 0
233 94 221 2
231 84 2666 1
231 85 1271 1
231 69 2496 0
233 93 5987 2
231 86 1507 1
230 86 6312 1
232 69 226 0
232 93 1186 2
232 92 960 2
230 87 342 1
232 68 1483 0
230 88 6309 1
232 91 115 2
230 89 6226 1
232 90 216 2
231 90 1712 2
233 68 2205 0
230 90 645 1
231 89 185 2
230 89 1680 2
231 90 412 1
